1 2 
1 3 
1 4 
1 5 
1 6 
1 7 
2 3 
2 4 
2 5 
2 6 
2 7 
3 4 
3 5 
3 6 
3 7 
4 5 
4 6 
4 7 
5 6 
5 7 
6 7 
8 4 
8 6 
8 5 
9 5 
9 3 
9 4 
10 8 
10 5 
10 1 
11 6 
11 3 
11 2 
12 9 
12 3 
12 5 
13 6 
13 1 
13 2 
14 13 
14 9 
14 6 
15 5 
15 1 
15 3 
16 5 
16 7 
16 6 
17 4 
17 12 
17 5 
18 4 
18 9 
18 1 
19 5 
19 17 
19 3 
20 13 
20 6 
20 8 
21 7 
21 4 
21 5 
22 12 
22 7 
22 8 
23 6 
23 13 
23 16 
24 1 
24 6 
24 7 
25 9 
25 6 
25 3 
26 12 
26 1 
26 11 
27 3 
27 4 
27 25 
28 8 
28 1 
28 4 
29 9 
29 8 
29 3 
30 24 
30 6 
30 1 
31 15 
31 28 
31 7 
32 20 
32 1 
32 6 
33 5 
33 8 
33 11 
34 28 
34 17 
34 13 
35 1 
35 12 
35 4 
36 14 
36 20 
36 1 
37 3 
37 2 
37 18 
38 21 
38 1 
38 6 
39 1 
39 5 
39 4 
40 6 
40 36 
40 1 
41 3 
41 14 
41 22 
42 1 
42 9 
42 22 
43 5 
43 36 
43 17 
44 6 
44 36 
44 11 
45 1 
45 42 
45 17 
46 43 
46 6 
46 19 
47 7 
47 1 
47 36 
48 10 
48 16 
48 2 
49 1 
49 29 
49 4 
50 33 
50 36 
50 42 
51 17 
51 36 
51 9 
52 38 
52 37 
52 3 
53 6 
53 37 
53 18 
54 1 
54 17 
54 16 
55 42 
55 54 
55 1 
56 3 
56 50 
56 5 
57 48 
57 54 
57 51 
58 17 
58 18 
58 5 
59 5 
59 6 
59 57 
60 24 
60 56 
60 53 
61 36 
61 6 
61 39 
62 6 
62 26 
62 5 
63 3 
63 56 
63 9 
64 8 
64 47 
64 3 
65 25 
65 58 
65 12 
66 56 
66 5 
66 6 
67 46 
67 45 
67 48 
68 54 
68 46 
68 12 
69 55 
69 31 
69 56 
70 39 
70 61 
70 3 
71 43 
71 23 
71 4 
72 12 
72 3 
72 2 
73 7 
73 1 
73 61 
74 68 
74 50 
74 38 
75 22 
75 10 
75 43 
76 48 
76 1 
76 62 
77 7 
77 30 
77 9 
78 42 
78 12 
78 17 
79 5 
79 37 
79 17 
80 24 
80 6 
80 22 
81 66 
81 74 
81 5 
82 35 
82 5 
82 52 
83 81 
83 2 
83 8 
84 3 
84 23 
84 4 
85 33 
85 71 
85 4 
86 42 
86 83 
86 36 
87 3 
87 76 
87 75 
88 23 
88 4 
88 55 
89 27 
89 36 
89 72 
90 10 
90 42 
90 25 
91 64 
91 2 
91 7 
92 29 
92 18 
92 91 
93 44 
93 5 
93 9 
94 84 
94 1 
94 3 
95 13 
95 17 
95 49 
96 74 
96 50 
96 24 
97 48 
97 10 
97 66 
98 63 
98 7 
98 36 
99 71 
99 7 
99 35 
100 49 
100 66 
100 6 
101 5 
101 38 
101 18 
102 55 
102 43 
102 36 
103 14 
103 55 
103 25 
104 1 
104 73 
104 86 
105 20 
105 26 
105 36 
106 49 
106 76 
106 36 
107 3 
107 79 
107 59 
108 105 
108 11 
108 1 
109 7 
109 107 
109 90 
110 18 
110 62 
110 54 
111 5 
111 13 
111 6 
112 35 
112 25 
112 27 
113 25 
113 26 
113 35 
114 74 
114 61 
114 6 
115 12 
115 53 
115 91 
116 78 
116 14 
116 5 
117 45 
117 2 
117 68 
118 31 
118 44 
118 66 
119 26 
119 91 
119 4 
120 5 
120 39 
120 38 
121 112 
121 58 
121 92 
122 61 
122 5 
122 106 
123 42 
123 9 
123 85 
124 3 
124 38 
124 7 
125 54 
125 88 
125 35 
126 9 
126 5 
126 69 
127 25 
127 8 
127 118 
128 103 
128 112 
128 31 
129 97 
129 9 
129 4 
130 33 
130 106 
130 113 
131 91 
131 78 
131 64 
132 85 
132 36 
132 14 
133 5 
133 66 
133 4 
134 46 
134 44 
134 63 
135 41 
135 26 
135 35 
136 45 
136 63 
136 6 
137 63 
137 77 
137 36 
138 102 
138 55 
138 26 
139 10 
139 96 
139 102 
140 7 
140 17 
140 45 
141 71 
141 33 
141 7 
142 2 
142 4 
142 6 
143 47 
143 107 
143 1 
144 76 
144 4 
144 5 
145 68 
145 26 
145 142 
146 14 
146 36 
146 122 
147 64 
147 19 
147 67 
148 49 
148 10 
148 124 
149 9 
149 77 
149 24 
150 22 
150 25 
150 68 
151 46 
151 103 
151 111 
152 5 
152 46 
152 128 
153 146 
153 112 
153 10 
154 30 
154 6 
154 84 
155 1 
155 3 
155 12 
156 101 
156 70 
156 92 
157 128 
157 102 
157 5 
158 35 
158 103 
158 84 
159 107 
159 116 
159 137 
160 147 
160 9 
160 35 
161 26 
161 131 
161 2 
162 20 
162 154 
162 128 
163 3 
163 22 
163 154 
164 24 
164 7 
164 4 
165 84 
165 72 
165 115 
166 71 
166 144 
166 114 
167 109 
167 42 
167 1 
168 22 
168 45 
168 17 
169 53 
169 3 
169 23 
170 20 
170 125 
170 98 
171 10 
171 107 
171 95 
172 67 
172 100 
172 12 
173 131 
173 65 
173 41 
174 3 
174 161 
174 54 
175 26 
175 6 
175 7 
176 112 
176 3 
176 6 
177 107 
177 7 
177 54 
178 120 
178 166 
178 55 
179 25 
179 103 
179 159 
180 41 
180 124 
180 91 
181 81 
181 23 
181 7 
182 72 
182 45 
182 164 
183 74 
183 59 
183 107 
184 17 
184 142 
184 52 
185 82 
185 52 
185 31 
186 35 
186 164 
186 172 
187 3 
187 62 
187 36 
188 177 
188 41 
188 103 
189 3 
189 7 
189 67 
190 3 
190 168 
190 34 
191 96 
191 44 
191 95 
192 107 
192 8 
192 30 
193 45 
193 80 
193 115 
194 7 
194 21 
194 49 
195 43 
195 116 
195 131 
196 24 
196 6 
196 8 
197 7 
197 35 
197 31 
198 170 
198 124 
198 1 
199 135 
199 78 
199 8 
200 55 
200 7 
200 105 
201 138 
201 2 
201 14 
202 22 
202 12 
202 150 
203 8 
203 4 
203 146 
204 111 
204 201 
204 98 
205 3 
205 6 
205 167 
206 117 
206 159 
206 185 
207 6 
207 36 
207 98 
208 41 
208 84 
208 185 
209 3 
209 192 
209 7 
210 22 
210 156 
210 55 
211 10 
211 13 
211 50 
212 5 
212 13 
212 110 
213 15 
213 9 
213 163 
214 13 
214 34 
214 38 
215 46 
215 67 
215 9 
216 186 
216 60 
216 3 
217 3 
217 84 
217 196 
218 42 
218 210 
218 179 
219 7 
219 35 
219 6 
220 74 
220 114 
220 154 
221 10 
221 84 
221 6 
222 45 
222 183 
222 4 
223 100 
223 41 
223 108 
224 13 
224 155 
224 109 
225 36 
225 58 
225 167 
226 122 
226 16 
226 129 
227 1 
227 17 
227 8 
228 177 
228 5 
228 25 
229 62 
229 93 
229 161 
230 29 
230 77 
230 68 
231 193 
231 91 
231 112 
232 136 
232 67 
232 42 
233 32 
233 44 
233 112 
234 80 
234 5 
234 131 
235 47 
235 95 
235 128 
236 35 
236 186 
236 26 
237 222 
237 17 
237 124 
238 9 
238 69 
238 210 
239 171 
239 50 
239 149 
240 146 
240 6 
240 185 
241 3 
241 5 
241 217 
242 226 
242 124 
242 127 
243 97 
243 52 
243 92 
244 237 
244 233 
244 8 
245 8 
245 237 
245 45 
246 6 
246 185 
246 43 
247 67 
247 158 
247 109 
248 124 
248 36 
248 122 
249 48 
249 151 
249 46 
250 129 
250 131 
250 5 
251 5 
251 108 
251 3 
252 40 
252 26 
252 73 
253 5 
253 85 
253 114 
254 233 
254 94 
254 12 
255 112 
255 2 
255 11 
256 107 
256 38 
256 35 
257 255 
257 4 
257 9 
258 217 
258 6 
258 53 
259 214 
259 13 
259 73 
260 1 
260 3 
260 11 
261 152 
261 64 
261 221 
262 1 
262 58 
262 3 
263 5 
263 4 
263 185 
264 6 
264 10 
264 84 
265 21 
265 188 
265 25 
266 103 
266 57 
266 44 
267 77 
267 124 
267 79 
268 54 
268 6 
268 197 
269 185 
269 199 
269 202 
270 173 
270 92 
270 199 
271 137 
271 78 
271 208 
272 5 
272 165 
272 123 
273 10 
273 173 
273 35 
274 105 
274 7 
274 46 
275 157 
275 272 
275 35 
276 142 
276 219 
276 136 
277 261 
277 234 
277 15 
278 7 
278 1 
278 127 
279 18 
279 234 
279 3 
280 14 
280 26 
280 29 
281 8 
281 7 
281 210 
282 219 
282 10 
282 82 
283 225 
283 138 
283 22 
284 173 
284 150 
284 113 
285 169 
285 37 
285 13 
286 23 
286 6 
286 177 
287 171 
287 87 
287 286 
288 38 
288 167 
288 98 
289 11 
289 38 
289 66 
290 37 
290 161 
290 247 
291 4 
291 38 
291 68 
292 158 
292 121 
292 194 
293 202 
293 218 
293 162 
294 97 
294 262 
294 34 
295 193 
295 82 
295 221 
296 116 
296 30 
296 10 
297 70 
297 10 
297 31 
298 31 
298 56 
298 62 
299 235 
299 81 
299 44 
300 105 
300 186 
300 102 
301 40 
301 44 
301 192 
302 60 
302 218 
302 236 
303 154 
303 7 
303 42 
304 229 
304 9 
304 3 
305 80 
305 157 
305 130 
306 29 
306 6 
306 7 
307 2 
307 22 
307 26 
308 207 
308 3 
308 203 
309 4 
309 101 
309 91 
310 16 
310 47 
310 9 
311 18 
311 7 
311 47 
312 2 
312 272 
312 191 
313 91 
313 188 
313 205 
314 60 
314 242 
314 12 
315 251 
315 6 
315 26 
316 178 
316 296 
316 41 
317 247 
317 268 
317 186 
318 36 
318 90 
318 185 
319 103 
319 6 
319 26 
320 192 
320 14 
320 26 
321 37 
321 243 
321 52 
322 7 
322 31 
322 81 
323 124 
323 281 
323 251 
324 6 
324 142 
324 150 
325 5 
325 8 
325 115 
326 300 
326 5 
326 214 
327 214 
327 174 
327 92 
328 21 
328 46 
328 42 
329 4 
329 3 
329 117 
330 189 
330 43 
330 6 
331 221 
331 66 
331 23 
332 22 
332 74 
332 112 
333 5 
333 247 
333 64 
334 52 
334 271 
334 150 
335 269 
335 121 
335 273 
336 103 
336 79 
336 107 
337 12 
337 6 
337 69 
338 5 
338 121 
338 9 
339 164 
339 211 
339 53 
340 23 
340 74 
340 159 
341 39 
341 281 
341 241 
342 292 
342 182 
342 28 
343 243 
343 84 
343 272 
344 13 
344 172 
344 32 
345 189 
345 173 
345 35 
346 5 
346 86 
346 6 
347 36 
347 53 
347 202 
348 223 
348 313 
348 1 
349 155 
349 5 
349 4 
350 247 
350 6 
350 288 
351 2 
351 256 
351 112 
352 216 
352 24 
352 17 
353 62 
353 205 
353 72 
354 221 
354 195 
354 69 
355 167 
355 136 
355 153 
356 141 
356 217 
356 62 
357 78 
357 6 
357 223 
358 235 
358 167 
358 194 
359 185 
359 5 
359 303 
360 189 
360 257 
360 57 
361 250 
361 302 
361 208 
362 104 
362 1 
362 84 
363 80 
363 154 
363 293 
364 264 
364 182 
364 161 
365 1 
365 278 
365 17 
366 124 
366 36 
366 365 
367 245 
367 7 
367 55 
368 351 
368 241 
368 20 
369 281 
369 7 
369 30 
370 151 
370 164 
370 52 
371 356 
371 115 
371 215 
372 117 
372 262 
372 8 
373 91 
373 163 
373 10 
374 193 
374 7 
374 55 
375 128 
375 171 
375 242 
376 7 
376 153 
376 95 
377 106 
377 173 
377 199 
378 132 
378 352 
378 335 
379 99 
379 5 
379 42 
380 41 
380 130 
380 216 
381 334 
381 146 
381 17 
382 263 
382 145 
382 343 
383 265 
383 178 
383 55 
384 244 
384 3 
384 266 
385 67 
385 30 
385 1 
386 34 
386 308 
386 303 
387 31 
387 116 
387 332 
388 69 
388 202 
388 10 
389 295 
389 260 
389 105 
390 2 
390 13 
390 9 
391 25 
391 68 
391 326 
392 122 
392 10 
392 206 
393 123 
393 11 
393 3 
394 393 
394 88 
394 76 
395 309 
395 7 
395 5 
396 368 
396 332 
396 394 
397 5 
397 3 
397 111 
398 280 
398 94 
398 160 
399 229 
399 43 
399 278 
400 323 
400 386 
400 286 
401 232 
401 124 
401 186 
402 6 
402 5 
402 349 
403 74 
403 182 
403 17 
404 292 
404 173 
404 7 
405 10 
405 276 
405 326 
406 228 
406 157 
406 29 
407 13 
407 69 
407 281 
408 55 
408 23 
408 6 
409 15 
409 24 
409 96 
410 78 
410 143 
410 270 
411 5 
411 120 
411 44 
412 151 
412 55 
412 82 
413 86 
413 7 
413 289 
414 326 
414 79 
414 366 
415 61 
415 112 
415 54 
416 175 
416 43 
416 354 
417 95 
417 85 
417 54 
418 279 
418 78 
418 44 
419 36 
419 86 
419 100 
420 25 
420 154 
420 189 
421 132 
421 92 
421 310 
422 173 
422 373 
422 60 
423 161 
423 194 
423 97 
424 204 
424 186 
424 161 
425 128 
425 31 
425 422 
426 351 
426 166 
426 84 
427 48 
427 185 
427 121 
428 172 
428 97 
428 162 
429 118 
429 81 
429 185 
430 238 
430 5 
430 36 
431 273 
431 3 
431 343 
432 378 
432 57 
432 87 
433 12 
433 325 
433 54 
434 273 
434 194 
434 247 
435 165 
435 371 
435 86 
436 9 
436 428 
436 187 
437 247 
437 366 
437 242 
438 36 
438 217 
438 166 
439 10 
439 67 
439 8 
440 166 
440 17 
440 207 
441 393 
441 281 
441 431 
442 144 
442 221 
442 270 
443 202 
443 131 
443 64 
444 82 
444 384 
444 436 
445 346 
445 276 
445 265 
446 72 
446 63 
446 214 
447 47 
447 413 
447 10 
448 185 
448 93 
448 3 
449 194 
449 424 
449 16 
450 66 
450 377 
450 246 
451 90 
451 55 
451 149 
452 74 
452 7 
452 395 
453 144 
453 234 
453 147 
454 134 
454 107 
454 36 
455 10 
455 73 
455 244 
456 226 
456 349 
456 451 
457 374 
457 92 
457 146 
458 164 
458 137 
458 54 
459 386 
459 335 
459 99 
460 323 
460 39 
460 133 
461 13 
461 226 
461 6 
462 397 
462 343 
462 207 
463 13 
463 24 
463 46 
464 359 
464 238 
464 307 
465 318 
465 128 
465 167 
466 207 
466 302 
466 365 
467 273 
467 461 
467 403 
468 175 
468 38 
468 133 
469 325 
469 217 
469 85 
470 33 
470 308 
470 145 
471 29 
471 279 
471 62 
472 29 
472 25 
472 278 
473 206 
473 152 
473 83 
474 472 
474 146 
474 43 
475 207 
475 7 
475 412 
476 406 
476 164 
476 298 
477 396 
477 133 
477 49 
478 22 
478 445 
478 87 
479 54 
479 254 
479 151 
480 99 
480 327 
480 280 
481 251 
481 306 
481 3 
482 189 
482 211 
482 439 
483 114 
483 209 
483 19 
484 226 
484 232 
484 74 
485 344 
485 49 
485 346 
486 362 
486 3 
486 2 
487 10 
487 280 
487 21 
488 5 
488 200 
488 216 
489 12 
489 11 
489 478 
490 332 
490 384 
490 12 
491 44 
491 479 
491 216 
492 20 
492 348 
492 7 
493 456 
493 349 
493 1 
494 40 
494 276 
494 235 
495 223 
495 349 
495 9 
496 11 
496 255 
496 436 
497 326 
497 23 
497 39 
498 33 
498 191 
498 26 
499 434 
499 371 
499 28 
500 115 
500 14 
500 498 
501 167 
501 431 
501 58 
502 74 
502 115 
502 256 
503 186 
503 107 
503 47 
504 402 
504 200 
504 3 
505 344 
505 323 
505 211 
506 64 
506 399 
506 217 
507 63 
507 247 
507 505 
508 106 
508 71 
508 307 
509 434 
509 122 
509 21 
510 461 
510 25 
510 256 
511 116 
511 276 
511 4 
512 264 
512 39 
512 332 
513 3 
513 258 
513 216 
514 410 
514 226 
514 432 
515 4 
515 233 
515 143 
516 190 
516 21 
516 107 
517 185 
517 173 
517 260 
518 141 
518 348 
518 413 
519 8 
519 187 
519 27 
520 330 
520 49 
520 335 
521 3 
521 331 
521 184 
522 1 
522 66 
522 133 
523 22 
523 53 
523 515 
524 347 
524 112 
524 6 
525 59 
525 515 
525 8 
526 81 
526 33 
526 46 
527 343 
527 276 
527 97 
528 217 
528 46 
528 332 
529 30 
529 151 
529 444 
530 338 
530 36 
530 116 
531 231 
531 147 
531 415 
532 117 
532 332 
532 80 
533 384 
533 165 
533 490 
534 96 
534 339 
534 528 
535 3 
535 221 
535 443 
536 6 
536 157 
536 393 
537 294 
537 74 
537 97 
538 7 
538 87 
538 159 
539 85 
539 511 
539 1 
540 342 
540 61 
540 51 
541 228 
541 29 
541 499 
542 92 
542 345 
542 97 
543 479 
543 482 
543 434 
544 153 
544 8 
544 69 
545 123 
545 211 
545 498 
546 11 
546 216 
546 73 
547 5 
547 217 
547 145 
548 239 
548 431 
548 56 
549 132 
549 303 
549 9 
550 6 
550 4 
550 515 
551 163 
551 36 
551 8 
552 282 
552 257 
552 171 
553 123 
553 264 
553 186 
554 41 
554 7 
554 6 
555 176 
555 244 
555 87 
556 159 
556 124 
556 410 
557 10 
557 267 
557 17 
558 485 
558 293 
558 392 
559 78 
559 373 
559 85 
560 480 
560 109 
560 297 
561 524 
561 482 
561 6 
562 217 
562 322 
562 52 
563 300 
563 36 
563 97 
564 236 
564 17 
564 161 
565 265 
565 111 
565 125 
566 514 
566 72 
566 36 
567 246 
567 295 
567 329 
568 112 
568 64 
568 358 
569 131 
569 121 
569 15 
570 348 
570 156 
570 494 
571 190 
571 303 
571 196 
572 66 
572 133 
572 392 
573 494 
573 285 
573 164 
574 391 
574 173 
574 551 
575 492 
575 89 
575 391 
576 304 
576 418 
576 88 
577 123 
577 432 
577 14 
578 6 
578 202 
578 16 
579 75 
579 1 
579 100 
580 288 
580 521 
580 13 
581 18 
581 246 
581 153 
582 164 
582 265 
582 37 
583 112 
583 83 
583 413 
584 9 
584 43 
584 487 
585 369 
585 112 
585 276 
586 33 
586 125 
586 228 
587 3 
587 287 
587 253 
588 368 
588 1 
588 145 
589 171 
589 320 
589 5 
590 335 
590 295 
590 586 
591 329 
591 392 
591 71 
592 255 
592 551 
592 462 
593 161 
593 369 
593 451 
594 269 
594 153 
594 107 
595 284 
595 149 
595 516 
596 10 
596 491 
596 489 
597 344 
597 414 
597 536 
598 52 
598 511 
598 38 
599 12 
599 581 
599 34 
600 278 
600 496 
600 9 
601 127 
601 6 
601 2 
602 114 
602 71 
602 77 
603 519 
603 252 
603 559 
604 85 
604 151 
604 366 
605 278 
605 467 
605 167 
606 9 
606 117 
606 56 
607 52 
607 186 
607 334 
608 573 
608 52 
608 120 
609 182 
609 36 
609 90 
610 280 
610 342 
610 124 
611 216 
611 226 
611 292 
612 214 
612 107 
612 489 
613 8 
613 316 
613 472 
614 430 
614 150 
614 594 
615 242 
615 482 
615 2 
616 269 
616 106 
616 5 
617 312 
617 183 
617 11 
618 6 
618 36 
618 69 
619 496 
619 545 
619 278 
620 538 
620 96 
620 4 
621 156 
621 431 
621 130 
622 551 
622 3 
622 32 
623 90 
623 336 
623 399 
624 92 
624 563 
624 445 
625 5 
625 392 
625 594 
626 349 
626 368 
626 523 
627 97 
627 452 
627 77 
628 12 
628 25 
628 54 
629 543 
629 71 
629 413 
630 329 
630 124 
630 333 
631 476 
631 6 
631 43 
632 92 
632 565 
632 326 
633 376 
633 6 
633 467 
634 25 
634 338 
634 563 
635 9 
635 64 
635 1 
636 326 
636 50 
636 276 
637 263 
637 18 
637 308 
638 36 
638 365 
638 23 
639 93 
639 304 
639 59 
640 545 
640 171 
640 335 
641 147 
641 272 
641 435 
642 89 
642 212 
642 395 
643 38 
643 69 
643 162 
644 161 
644 254 
644 115 
645 2 
645 4 
645 289 
646 33 
646 5 
646 26 
647 4 
647 490 
647 560 
648 93 
648 129 
648 100 
649 373 
649 281 
649 164 
650 394 
650 609 
650 35 
651 4 
651 3 
651 66 
652 44 
652 560 
652 551 
653 384 
653 238 
653 12 
654 611 
654 520 
654 7 
655 102 
655 146 
655 85 
656 293 
656 55 
656 247 
657 140 
657 126 
657 156 
658 92 
658 607 
658 3 
659 3 
659 100 
659 358 
660 368 
660 348 
660 115 
661 150 
661 141 
661 43 
662 161 
662 237 
662 13 
663 30 
663 351 
663 35 
664 97 
664 624 
664 35 
665 327 
665 68 
665 181 
666 155 
666 24 
666 332 
667 217 
667 428 
667 7 
668 15 
668 220 
668 146 
669 22 
669 297 
669 49 
670 303 
670 7 
670 476 
671 1 
671 575 
671 132 
672 145 
672 53 
672 115 
673 363 
673 331 
673 374 
674 496 
674 278 
674 46 
675 211 
675 332 
675 23 
676 6 
676 674 
676 95 
677 71 
677 397 
677 57 
678 629 
678 575 
678 432 
679 7 
679 31 
679 676 
680 369 
680 482 
680 9 
681 200 
681 521 
681 166 
682 373 
682 12 
682 67 
683 430 
683 524 
683 323 
684 583 
684 165 
684 228 
685 127 
685 48 
685 589 
686 6 
686 91 
686 343 
687 222 
687 557 
687 394 
688 263 
688 369 
688 257 
689 107 
689 34 
689 24 
690 10 
690 675 
690 3 
691 97 
691 22 
691 232 
692 255 
692 11 
692 26 
693 282 
693 495 
693 157 
694 359 
694 443 
694 276 
695 196 
695 166 
695 129 
696 288 
696 207 
696 284 
697 331 
697 76 
697 36 
698 324 
698 352 
698 4 
699 47 
699 36 
699 9 
700 477 
700 68 
700 5 
701 49 
701 350 
701 88 
702 481 
702 136 
702 280 
703 215 
703 280 
703 31 
704 613 
704 128 
704 37 
705 287 
705 326 
705 241 
706 686 
706 480 
706 531 
707 41 
707 431 
707 675 
708 34 
708 5 
708 16 
709 17 
709 111 
709 124 
710 8 
710 178 
710 318 
711 159 
711 303 
711 558 
712 285 
712 487 
712 443 
713 659 
713 275 
713 571 
714 54 
714 92 
714 145 
715 588 
715 84 
715 50 
716 22 
716 17 
716 368 
717 531 
717 140 
717 426 
718 35 
718 241 
718 28 
719 307 
719 17 
719 482 
720 307 
720 461 
720 34 
721 587 
721 216 
721 511 
722 226 
722 555 
722 273 
723 643 
723 93 
723 157 
724 522 
724 144 
724 1 
725 707 
725 606 
725 135 
726 344 
726 71 
726 380 
727 330 
727 413 
727 425 
728 6 
728 488 
728 303 
729 315 
729 9 
729 434 
730 531 
730 36 
730 439 
731 103 
731 487 
731 665 
732 287 
732 607 
732 95 
733 102 
733 654 
733 426 
734 88 
734 282 
734 8 
735 575 
735 485 
735 372 
736 542 
736 554 
736 1 
737 310 
737 217 
737 686 
738 21 
738 721 
738 265 
739 99 
739 668 
739 6 
740 434 
740 584 
740 656 
741 585 
741 522 
741 1 
742 342 
742 7 
742 445 
743 6 
743 40 
743 550 
744 274 
744 426 
744 240 
745 435 
745 671 
745 231 
746 45 
746 50 
746 4 
747 173 
747 464 
747 43 
748 29 
748 559 
748 97 
749 107 
749 586 
749 48 
750 584 
750 310 
750 23 
751 664 
751 63 
751 107 
752 185 
752 500 
752 47 
753 217 
753 155 
753 456 
754 472 
754 299 
754 4 
755 88 
755 442 
755 657 
756 21 
756 567 
756 552 
757 5 
757 185 
757 1 
758 116 
758 60 
758 438 
759 47 
759 499 
759 2 
760 599 
760 113 
760 12 
761 52 
761 90 
761 512 
762 30 
762 108 
762 391 
763 628 
763 371 
763 72 
764 435 
764 100 
764 72 
765 36 
765 199 
765 551 
766 74 
766 91 
766 402 
767 730 
767 580 
767 234 
768 427 
768 78 
768 34 
769 493 
769 189 
769 6 
770 140 
770 22 
770 542 
771 124 
771 141 
771 81 
772 516 
772 210 
772 2 
773 149 
773 452 
773 297 
774 435 
774 397 
774 124 
775 140 
775 208 
775 97 
776 12 
776 534 
776 121 
777 225 
777 171 
777 209 
778 432 
778 396 
778 671 
779 3 
779 685 
779 449 
780 464 
780 2 
780 671 
781 43 
781 446 
781 487 
782 763 
782 170 
782 435 
783 286 
783 445 
783 577 
784 712 
784 652 
784 103 
785 127 
785 30 
785 6 
786 614 
786 9 
786 164 
787 12 
787 722 
787 10 
788 67 
788 136 
788 393 
789 399 
789 222 
789 86 
790 44 
790 155 
790 54 
791 240 
791 184 
791 23 
792 771 
792 96 
792 216 
793 763 
793 324 
793 2 
794 332 
794 481 
794 163 
795 9 
795 359 
795 698 
796 37 
796 165 
796 222 
797 112 
797 18 
797 471 
798 6 
798 42 
798 85 
799 776 
799 526 
799 107 
800 642 
800 449 
800 106 
801 451 
801 63 
801 795 
802 8 
802 342 
802 544 
803 399 
803 303 
803 116 
804 780 
804 5 
804 114 
805 527 
805 717 
805 32 
806 184 
806 25 
806 67 
807 17 
807 292 
807 85 
808 97 
808 148 
808 636 
809 344 
809 269 
809 8 
810 147 
810 84 
810 6 
811 4 
811 367 
811 130 
812 42 
812 96 
812 545 
813 268 
813 298 
813 269 
814 112 
814 574 
814 96 
815 164 
815 575 
815 43 
816 9 
816 565 
816 36 
817 678 
817 735 
817 286 
818 368 
818 251 
818 761 
819 782 
819 10 
819 226 
820 279 
820 206 
820 520 
821 255 
821 601 
821 430 
822 67 
822 140 
822 108 
823 229 
823 402 
823 653 
824 599 
824 20 
824 46 
825 308 
825 189 
825 216 
826 114 
826 164 
826 6 
827 21 
827 95 
827 68 
828 69 
828 241 
828 105 
829 656 
829 820 
829 259 
830 47 
830 459 
830 330 
831 767 
831 55 
831 69 
832 6 
832 530 
832 254 
833 6 
833 88 
833 389 
834 4 
834 607 
834 346 
835 86 
835 78 
835 165 
836 18 
836 182 
836 410 
837 289 
837 398 
837 7 
838 59 
838 8 
838 42 
839 206 
839 726 
839 6 
840 161 
840 688 
840 281 
841 33 
841 79 
841 138 
842 5 
842 265 
842 141 
843 825 
843 540 
843 45 
844 273 
844 151 
844 582 
845 3 
845 13 
845 718 
846 111 
846 246 
846 244 
847 196 
847 182 
847 475 
848 101 
848 323 
848 112 
849 796 
849 610 
849 199 
850 446 
850 768 
850 55 
851 464 
851 167 
851 252 
852 542 
852 25 
852 146 
853 551 
853 690 
853 329 
854 348 
854 3 
854 85 
855 59 
855 251 
855 389 
856 836 
856 384 
856 127 
857 141 
857 729 
857 438 
858 66 
858 737 
858 361 
859 225 
859 76 
859 265 
860 76 
860 764 
860 758 
861 104 
861 515 
861 478 
862 85 
862 599 
862 139 
863 183 
863 14 
863 84 
864 26 
864 461 
864 10 
865 196 
865 281 
865 82 
866 600 
866 862 
866 10 
867 505 
867 6 
867 97 
868 530 
868 227 
868 398 
869 185 
869 118 
869 43 
870 124 
870 260 
870 26 
871 23 
871 474 
871 199 
872 127 
872 745 
872 324 
873 368 
873 291 
873 729 
874 597 
874 146 
874 443 
875 119 
875 207 
875 5 
876 764 
876 656 
876 98 
877 264 
877 107 
877 186 
878 6 
878 682 
878 35 
879 357 
879 399 
879 105 
880 515 
880 434 
880 236 
881 868 
881 874 
881 550 
882 119 
882 43 
882 744 
883 34 
883 36 
883 716 
884 164 
884 421 
884 2 
885 226 
885 1 
885 585 
886 32 
886 125 
886 264 
887 10 
887 638 
887 276 
888 113 
888 459 
888 44 
889 249 
889 615 
889 255 
890 155 
890 540 
890 648 
891 43 
891 493 
891 724 
892 42 
892 825 
892 649 
893 313 
893 683 
893 416 
894 556 
894 256 
894 797 
895 591 
895 503 
895 461 
896 646 
896 604 
896 543 
897 799 
897 725 
897 302 
898 610 
898 78 
898 161 
899 69 
899 36 
899 324 
900 800 
900 656 
900 369 
901 591 
901 821 
901 479 
902 102 
902 80 
902 866 
903 190 
903 38 
903 17 
904 45 
904 87 
904 55 
905 891 
905 153 
905 77 
906 322 
906 97 
906 227 
907 427 
907 643 
907 84 
908 537 
908 771 
908 82 
909 162 
909 552 
909 102 
910 750 
910 464 
910 122 
911 750 
911 776 
911 18 
912 311 
912 520 
912 442 
913 538 
913 335 
913 428 
914 467 
914 215 
914 343 
915 387 
915 11 
915 1 
916 746 
916 22 
916 467 
917 52 
917 127 
917 207 
918 636 
918 864 
918 117 
919 730 
919 59 
919 18 
920 854 
920 97 
920 4 
921 132 
921 76 
921 3 
922 622 
922 479 
922 17 
923 326 
923 41 
923 43 
924 105 
924 474 
924 578 
925 363 
925 32 
925 375 
926 106 
926 763 
926 340 
927 146 
927 3 
927 467 
928 291 
928 80 
928 57 
929 613 
929 923 
929 842 
930 106 
930 256 
930 181 
931 357 
931 656 
931 207 
932 446 
932 430 
932 68 
933 849 
933 98 
933 320 
934 36 
934 232 
934 335 
935 543 
935 446 
935 192 
936 12 
936 150 
936 36 
937 413 
937 346 
937 913 
938 22 
938 211 
938 687 
939 7 
939 256 
939 65 
940 530 
940 202 
940 764 
941 356 
941 79 
941 25 
942 218 
942 343 
942 89 
943 56 
943 897 
943 892 
944 135 
944 727 
944 512 
945 343 
945 648 
945 165 
946 152 
946 893 
946 566 
947 266 
947 881 
947 318 
948 46 
948 48 
948 837 
949 876 
949 915 
949 368 
950 469 
950 147 
950 3 
951 507 
951 461 
951 368 
952 751 
952 929 
952 618 
953 17 
953 36 
953 367 
954 105 
954 393 
954 141 
955 478 
955 697 
955 367 
956 621 
956 22 
956 198 
957 192 
957 733 
957 86 
958 463 
958 211 
958 105 
959 63 
959 156 
959 43 
960 36 
960 495 
960 2 
961 36 
961 107 
961 72 
962 571 
962 799 
962 906 
963 649 
963 697 
963 405 
964 286 
964 300 
964 811 
965 68 
965 6 
965 414 
966 866 
966 10 
966 816 
967 867 
967 64 
967 831 
968 396 
968 484 
968 824 
969 384 
969 515 
969 861 
970 1 
970 787 
970 70 
971 85 
971 535 
971 443 
972 10 
972 438 
972 69 
973 228 
973 361 
973 34 
974 938 
974 165 
974 288 
975 79 
975 28 
975 126 
976 8 
976 452 
976 967 
977 883 
977 958 
977 348 
978 5 
978 965 
978 976 
979 471 
979 58 
979 958 
980 256 
980 230 
980 340 
981 949 
981 298 
981 167 
982 8 
982 84 
982 898 
983 84 
983 8 
983 709 
984 68 
984 25 
984 396 
985 485 
985 967 
985 368 
986 548 
986 911 
986 444 
987 440 
987 398 
987 515 
988 440 
988 664 
988 481 
989 604 
989 840 
989 310 
990 132 
990 180 
990 385 
991 452 
991 182 
991 781 
992 278 
992 872 
992 521 
993 401 
993 1 
993 582 
994 452 
994 528 
994 221 
995 624 
995 332 
995 974 
996 457 
996 543 
996 780 
997 732 
997 25 
997 50 
998 6 
998 867 
998 184 
999 228 
999 963 
999 185 
1000 381 
1000 722 
1000 324 
