0.0 0.0944447
0.01 0.0986456
0.02 0.104636
0.03 0.107588
0.04 0.101511
0.05 0.108248
0.06 0.117243
0.07 0.141108
0.08 0.171142
0.09 0.177829
0.1 0.175431
0.11 0.185803
0.12 0.204117
0.13 0.237625
0.14 0.268931
0.15 0.317135
0.16 0.382965
0.17 0.435223
0.18 0.484147
0.19 0.517872
0.2 0.539562
0.21 0.563969
0.22 0.591576
0.23 0.619242
0.24 0.646018
0.25 0.687997
0.26 0.713377
0.27 0.739438
0.28 0.76202
0.29 0.78249
0.3 0.79837
0.31 0.815225
0.32 0.830316
0.33 0.843891
0.34 0.853579
0.35 0.862847
0.36 0.87661
0.37 0.885474
0.38 0.892377
0.39 0.900349
0.4 0.90784
0.41 0.914011
0.42 0.919371
0.43 0.924123
0.44 0.928386
0.45 0.932243
0.46 0.935755
0.47 0.938969
0.48 0.941924
0.49 0.944649
0.5 0.947172
0.51 0.949513
0.52 0.951691
0.53 0.953723
0.54 0.955622
0.55 0.9574
0.56 0.959067
0.57 0.960635
0.58 0.96211
0.59 0.9635
0.6 0.964812
0.61 0.966052
0.62 0.967226
0.63 0.968337
0.64 0.969392
0.65 0.970392
0.66 0.971344
0.67 0.972249
0.68 0.97311
0.69 0.973931
0.7 0.974714
0.71 0.975462
0.72 0.976176
0.73 0.976859
0.74 0.977512
0.75 0.978137
0.76 0.978737
0.77 0.979311
0.78 0.979862
0.79 0.980391
0.8 0.980899
0.81 0.981388
0.82 0.981857
0.83 0.982309
0.84 0.982744
0.85 0.983162
0.86 0.983566
0.87 0.983955
0.88 0.98433
0.89 0.984692
0.9 0.985041
0.91 0.985379
0.92 0.985705
0.93 0.98602
0.94 0.986324
0.95 0.986619
0.96 0.986904
0.97 0.98718
0.98 0.987448
0.99 0.987707
