0.0 0.0944447
0.01 0.0975975
0.02 0.0991637
0.03 0.110822
0.04 0.113276
0.05 0.133178
0.06 0.144136
0.07 0.158151
0.08 0.170488
0.09 0.193748
0.1 0.206296
0.11 0.224608
0.12 0.251641
0.13 0.29846
0.14 0.0 0.0944447
0.01 0.0975975
0.02 0.0991637
0.03 0.110822
0.04 0.113276
0.05 0.133178
0.06 0.144136
0.07 0.158151
0.08 0.170488
0.09 0.193748
0.1 0.206296
0.11 0.224608
0.12 0.251641
0.13 0.29846
0.14 0.350733
0.15 0.442883
0.16 0.507498
0.17 0.563173
0.18 0.624902
0.19 0.677647
0.2 0.699029
0.21 0.725571
0.22 0.750611
0.23 0.7838
0.24 0.809915
0.25 0.829167
0.26 0.848237
0.27 0.859805
0.28 0.872002
0.29 0.885987
0.3 0.896417
0.31 0.907064
0.32 0.915249
0.33 0.922042
0.34 0.927869
0.35 0.932955
0.36 0.937449
0.37 0.941453
0.38 0.945047
0.39 0.948292
0.4 0.951235
0.41 0.953917
0.42 0.95637
0.43 0.958621
0.44 0.960693
0.45 0.962606
0.46 0.964377
0.47 0.966019
0.48 0.967546
0.49 0.968969
0.5 0.970298
0.51 0.97154
0.52 0.972703
0.53 0.973795
0.54 0.974821
0.55 0.975786
0.56 0.976695
0.57 0.977553
0.58 0.978363
0.59 0.97913
0.6 0.979855
0.61 0.980543
0.62 0.981195
0.63 0.981815
0.64 0.982404
0.65 0.982964
0.66 0.983498
0.67 0.984006
0.68 0.984491
0.69 0.984954
0.7 0.985397
0.71 0.98582
0.72 0.986224
0.73 0.986611
0.74 0.986982
0.75 0.987338
0.76 0.987679
0.77 0.988006
0.78 0.98832
0.79 0.988622
0.8 0.988913
0.81 0.989192
0.82 0.989461
0.83 0.989719
0.84 0.989969
0.85 0.990209
0.86 0.99044
0.87 0.990664
0.88 0.99088
0.89 0.991088
0.9 0.991289
0.91 0.991483
0.92 0.991671
0.93 0.991853
0.94 0.992028
0.95 0.992198
0.96 0.992363
0.97 0.992522
0.98 0.992677
0.99 0.992827
