0.0 0.0944447
0.01 0.0986204
0.02 0.100909
0.03 0.104218
0.04 0.121647
0.05 0.137132
0.06 0.175825
0.07 0.207662
0.08 0.206336
0.09 0.213739
0.1 0.232788
0.11 0.277004
0.12 0.382528
0.13 0.461424
0.14 0.54505
0.15 0.589257
0.16 0.627525
0.17 0.683438
0.18 0.738855
0.19 0.771984
0.2 0.800699
0.21 0.819035
0.22 0.834797
0.23 0.853505
0.24 0.865009
0.25 0.878789
0.26 0.892286
0.27 0.904522
0.28 0.914288
0.29 0.922089
0.3 0.928633
0.31 0.93425
0.32 0.939144
0.33 0.943452
0.34 0.947277
0.35 0.950697
0.36 0.953771
0.37 0.956549
0.38 0.959071
0.39 0.961368
0.4 0.963469
0.41 0.965395
0.42 0.967168
0.43 0.968803
0.44 0.970315
0.45 0.971716
0.46 0.973017
0.47 0.974229
0.48 0.975358
0.49 0.976413
0.5 0.977401
0.51 0.978326
0.52 0.979194
0.53 0.980011
0.54 0.980779
0.55 0.981503
0.56 0.982187
0.57 0.982832
0.58 0.983443
0.59 0.984021
0.6 0.984569
0.61 0.985088
0.62 0.985582
0.63 0.986051
0.64 0.986498
0.65 0.986923
0.66 0.987328
0.67 0.987714
0.68 0.988083
0.69 0.988436
0.7 0.988772
0.71 0.989094
0.72 0.989403
0.73 0.989698
0.74 0.989981
0.75 0.990253
0.76 0.990513
0.77 0.990763
0.78 0.991003
0.79 0.991234
0.8 0.991456
0.81 0.99167
0.82 0.991876
0.83 0.992074
0.84 0.992265
0.85 0.992449
0.86 0.992627
0.87 0.992798
0.88 0.992963
0.89 0.993123
0.9 0.993277
0.91 0.993427
0.92 0.993571
0.93 0.99371
0.94 0.993845
0.95 0.993976
0.96 0.994103
0.97 0.994225
0.98 0.994344
0.99 0.994459
