0.0 0.0944447
0.01 0.104154
0.02 0.103966
0.03 0.119259
0.04 0.136215
0.05 0.152013
0.06 0.177563
0.07 0.189154
0.08 0.225121
0.09 0.280605
0.1 0.378624
0.11 0.422838
0.12 0.485116
0.13 0.539571
0.14 0.572536
0.15 0.618075
0.16 0.661001
0.17 0.748901
0.18 0.791664
0.19 0.817174
0.2 0.835038
0.21 0.850479
0.22 0.864004
0.23 0.878201
0.24 0.898403
0.25 0.910082
0.26 0.919174
0.27 0.926658
0.28 0.932988
0.29 0.938434
0.3 0.943177
0.31 0.947347
0.32 0.951042
0.33 0.954338
0.34 0.957294
0.35 0.959957
0.36 0.962369
0.37 0.96456
0.38 0.966559
0.39 0.968387
0.4 0.970065
0.41 0.971609
0.42 0.973034
0.43 0.974351
0.44 0.975572
0.45 0.976705
0.46 0.97776
0.47 0.978744
0.48 0.979663
0.49 0.980522
0.5 0.981327
0.51 0.982082
0.52 0.982792
0.53 0.98346
0.54 0.984089
0.55 0.984683
0.56 0.985243
0.57 0.985773
0.58 0.986275
0.59 0.98675
0.6 0.987201
0.61 0.987629
0.62 0.988035
0.63 0.988422
0.64 0.98879
0.65 0.989141
0.66 0.989475
0.67 0.989794
0.68 0.990098
0.69 0.990389
0.7 0.990668
0.71 0.990934
0.72 0.991189
0.73 0.991433
0.74 0.991668
0.75 0.991892
0.76 0.992108
0.77 0.992315
0.78 0.992514
0.79 0.992705
0.8 0.992889
0.81 0.993067
0.82 0.993237
0.83 0.993401
0.84 0.99356
0.85 0.993713
0.86 0.99386
0.87 0.994002
0.88 0.994139
0.89 0.994272
0.9 0.9944
0.91 0.994524
0.92 0.994644
0.93 0.99476
0.94 0.994872
0.95 0.99498
0.96 0.995086
0.97 0.995187
0.98 0.995286
0.99 0.995382
