0.0 0.0944447
0.01 0.102816
0.02 0.108018
0.03 0.117721
0.04 0.132742
0.05 0.154321
0.06 0.175174
0.07 0.210773
0.08 0.282845
0.09 0.374096
0.1 0.477048
0.11 0.582243
0.12 0.640905
0.13 0.687113
0.14 0.730531
0.15 0.786563
0.16 0.82084
0.17 0.84107
0.18 0.860549
0.19 0.882015
0.2 0.899468
0.21 0.912924
0.22 0.923061
0.23 0.931229
0.24 0.938006
0.25 0.943733
0.26 0.948641
0.27 0.952891
0.28 0.956606
0.29 0.959876
0.3 0.962774
0.31 0.965357
0.32 0.967671
0.33 0.969753
0.34 0.971635
0.35 0.973341
0.36 0.974895
0.37 0.976313
0.38 0.977612
0.39 0.978805
0.4 0.979903
0.41 0.980917
0.42 0.981855
0.43 0.982724
0.44 0.983531
0.45 0.984282
0.46 0.984982
0.47 0.985636
0.48 0.986248
0.49 0.986821
0.5 0.987358
0.51 0.987863
0.52 0.988338
0.53 0.988786
0.54 0.989208
0.55 0.989606
0.56 0.989982
0.57 0.990339
0.58 0.990676
0.59 0.990996
0.6 0.9913
0.61 0.991588
0.62 0.991862
0.63 0.992123
0.64 0.992372
0.65 0.992609
0.66 0.992835
0.67 0.99305
0.68 0.993256
0.69 0.993453
0.7 0.993642
0.71 0.993822
0.72 0.993995
0.73 0.99416
0.74 0.994319
0.75 0.994472
0.76 0.994618
0.77 0.994758
0.78 0.994894
0.79 0.995023
0.8 0.995148
0.81 0.995269
0.82 0.995385
0.83 0.995496
0.84 0.995604
0.85 0.995708
0.86 0.995808
0.87 0.995905
0.88 0.995998
0.89 0.996088
0.9 0.996175
0.91 0.99626
0.92 0.996341
0.93 0.99642
0.94 0.996497
0.95 0.996571
0.96 0.996642
0.97 0.996712
0.98 0.996779
0.99 0.996844
