0.0 0.0944447
0.01 0.102822
0.02 0.110595
0.03 0.131245
0.04 0.15291
0.05 0.160781
0.06 0.184565
0.07 0.231672
0.08 0.428884
0.09 0.509662
0.1 0.58553
0.11 0.629504
0.12 0.678456
0.13 0.747855
0.14 0.812837
0.15 0.844539
0.16 0.866879
0.17 0.886015
0.18 0.903904
0.19 0.917045
0.2 0.92837
0.21 0.936837
0.22 0.943657
0.23 0.949312
0.24 0.954087
0.25 0.958173
0.26 0.961707
0.27 0.964789
0.28 0.967499
0.29 0.969896
0.3 0.972028
0.31 0.973935
0.32 0.975648
0.33 0.977194
0.34 0.978593
0.35 0.979865
0.36 0.981025
0.37 0.982085
0.38 0.983058
0.39 0.983952
0.4 0.984777
0.41 0.985538
0.42 0.986243
0.43 0.986897
0.44 0.987505
0.45 0.988071
0.46 0.988599
0.47 0.989093
0.48 0.989554
0.49 0.989987
0.5 0.990394
0.51 0.990775
0.52 0.991135
0.53 0.991473
0.54 0.991793
0.55 0.992094
0.56 0.99238
0.57 0.992649
0.58 0.992905
0.59 0.993148
0.6 0.993378
0.61 0.993597
0.62 0.993805
0.63 0.994003
0.64 0.994192
0.65 0.994371
0.66 0.994543
0.67 0.994707
0.68 0.994863
0.69 0.995013
0.7 0.995156
0.71 0.995293
0.72 0.995425
0.73 0.99555
0.74 0.995671
0.75 0.995787
0.76 0.995898
0.77 0.996005
0.78 0.996108
0.79 0.996207
0.8 0.996302
0.81 0.996393
0.82 0.996482
0.83 0.996567
0.84 0.996649
0.85 0.996728
0.86 0.996804
0.87 0.996877
0.88 0.996949
0.89 0.997017
0.9 0.997084
0.91 0.997148
0.92 0.99721
0.93 0.99727
0.94 0.997328
0.95 0.997384
0.96 0.997439
0.97 0.997492
0.98 0.997543
0.99 0.997593
