0.0 0.0944447
0.01 0.106932
0.02 0.111041
0.03 0.126303
0.04 0.14093
0.05 0.17019
0.06 0.205955
0.07 0.291457
0.08 0.418217
0.09 0.525122
0.1 0.62017
0.11 0.720359
0.12 0.773145
0.13 0.811522
0.14 0.842022
0.15 0.874436
0.16 0.899061
0.17 0.915662
0.18 0.928845
0.19 0.938133
0.2 0.945449
0.21 0.951411
0.22 0.956372
0.23 0.960564
0.24 0.964149
0.25 0.967246
0.26 0.969942
0.27 0.972308
0.28 0.974397
0.29 0.976251
0.3 0.977907
0.31 0.979391
0.32 0.980728
0.33 0.981936
0.34 0.983032
0.35 0.98403
0.36 0.984941
0.37 0.985775
0.38 0.986541
0.39 0.987245
0.4 0.987896
0.41 0.988497
0.42 0.989054
0.43 0.989571
0.44 0.990052
0.45 0.9905
0.46 0.990919
0.47 0.99131
0.48 0.991676
0.49 0.992019
0.5 0.992342
0.51 0.992645
0.52 0.99293
0.53 0.993199
0.54 0.993453
0.55 0.993693
0.56 0.993919
0.57 0.994134
0.58 0.994338
0.59 0.994531
0.6 0.994714
0.61 0.994888
0.62 0.995054
0.63 0.995211
0.64 0.995362
0.65 0.995505
0.66 0.995642
0.67 0.995772
0.68 0.995897
0.69 0.996016
0.7 0.99613
0.71 0.996239
0.72 0.996344
0.73 0.996445
0.74 0.996541
0.75 0.996633
0.76 0.996722
0.77 0.996807
0.78 0.996889
0.79 0.996968
0.8 0.997044
0.81 0.997117
0.82 0.997188
0.83 0.997255
0.84 0.997321
0.85 0.997384
0.86 0.997445
0.87 0.997503
0.88 0.99756
0.89 0.997615
0.9 0.997668
0.91 0.997719
0.92 0.997769
0.93 0.997817
0.94 0.997863
0.95 0.997908
0.96 0.997952
0.97 0.997994
0.98 0.998035
0.99 0.998075
