0.0 0.0944447
0.01 0.104239
0.02 0.10627
0.03 0.122984
0.04 0.142851
0.05 0.197212
0.06 0.292094
0.07 0.367291
0.08 0.52311
0.09 0.629762
0.1 0.719965
0.11 0.781453
0.12 0.82756
0.13 0.863215
0.14 0.887769
0.15 0.906291
0.16 0.920813
0.17 0.932958
0.18 0.941933
0.19 0.949014
0.2 0.954769
0.21 0.95954
0.22 0.963555
0.23 0.966975
0.24 0.969917
0.25 0.97247
0.26 0.974701
0.27 0.976665
0.28 0.978404
0.29 0.979951
0.3 0.981334
0.31 0.982576
0.32 0.983697
0.33 0.984711
0.34 0.985632
0.35 0.986471
0.36 0.987238
0.37 0.987941
0.38 0.988586
0.39 0.989181
0.4 0.98973
0.41 0.990237
0.42 0.990708
0.43 0.991145
0.44 0.991552
0.45 0.991931
0.46 0.992285
0.47 0.992616
0.48 0.992927
0.49 0.993217
0.5 0.993491
0.51 0.993747
0.52 0.993989
0.53 0.994217
0.54 0.994433
0.55 0.994636
0.56 0.994829
0.57 0.995011
0.58 0.995183
0.59 0.995347
0.6 0.995503
0.61 0.995651
0.62 0.995791
0.63 0.995925
0.64 0.996053
0.65 0.996175
0.66 0.996291
0.67 0.996402
0.68 0.996508
0.69 0.996609
0.7 0.996706
0.71 0.996799
0.72 0.996888
0.73 0.996973
0.74 0.997055
0.75 0.997134
0.76 0.997209
0.77 0.997282
0.78 0.997351
0.79 0.997419
0.8 0.997483
0.81 0.997545
0.82 0.997605
0.83 0.997663
0.84 0.997718
0.85 0.997772
0.86 0.997824
0.87 0.997874
0.88 0.997922
0.89 0.997969
0.9 0.998014
0.91 0.998058
0.92 0.9981
0.93 0.998141
0.94 0.99818
0.95 0.998218
0.96 0.998256
0.97 0.998292
0.98 0.998326
0.99 0.99836
