0.0 0.0944447
0.01 0.108397
0.02 0.117933
0.03 0.1328
0.04 0.14999
0.05 0.197935
0.06 0.313191
0.07 0.485657
0.08 0.610306
0.09 0.721525
0.1 0.77134
0.11 0.810939
0.12 0.849093
0.13 0.880726
0.14 0.906091
0.15 0.923112
0.16 0.934991
0.17 0.944001
0.18 0.951103
0.19 0.956848
0.2 0.961583
0.21 0.965545
0.22 0.968901
0.23 0.971774
0.24 0.974254
0.25 0.976413
0.26 0.978305
0.27 0.979973
0.28 0.981453
0.29 0.982771
0.3 0.983952
0.31 0.985013
0.32 0.985971
0.33 0.986839
0.34 0.987628
0.35 0.988347
0.36 0.989005
0.37 0.989608
0.38 0.990162
0.39 0.990673
0.4 0.991144
0.41 0.991581
0.42 0.991985
0.43 0.992361
0.44 0.992711
0.45 0.993038
0.46 0.993342
0.47 0.993628
0.48 0.993895
0.49 0.994145
0.5 0.99438
0.51 0.994602
0.52 0.99481
0.53 0.995007
0.54 0.995192
0.55 0.995368
0.56 0.995534
0.57 0.995691
0.58 0.99584
0.59 0.995981
0.6 0.996115
0.61 0.996243
0.62 0.996364
0.63 0.99648
0.64 0.99659
0.65 0.996695
0.66 0.996795
0.67 0.996891
0.68 0.996982
0.69 0.99707
0.7 0.997154
0.71 0.997234
0.72 0.997311
0.73 0.997384
0.74 0.997455
0.75 0.997523
0.76 0.997588
0.77 0.997651
0.78 0.997711
0.79 0.997769
0.8 0.997824
0.81 0.997878
0.82 0.99793
0.83 0.99798
0.84 0.998028
0.85 0.998074
0.86 0.998119
0.87 0.998162
0.88 0.998204
0.89 0.998244
0.9 0.998283
0.91 0.998321
0.92 0.998357
0.93 0.998393
0.94 0.998427
0.95 0.99846
0.96 0.998492
0.97 0.998523
0.98 0.998553
0.99 0.998582
