0.0 0.0822723
0.01 0.0 0.0944447
0.01 0.0939586
0.02 0.0954896
0.03 0.0974206
0.04 0.0989773
0.05 0.0963084
0.06 0.100328
0.07 0.0958942
0.08 0.107044
0.09 0.106934
0.1 0.103424
0.11 0.118511
0.12 0.116431
0.13 0.117615
0.14 0.114988
0.15 0.126951
0.16 0.146926
0.17 0.162496
0.18 0.178671
0.19 0.200835
0.2 0.231514
0.21 0.270182
0.22 0.289233
0.23 0.321121
0.24 0.3458
0.25 0.368417
0.26 0.394719
0.27 0.422076
0.28 0.437769
0.29 0.450909
0.3 0.467831
0.31 0.477885
0.32 0.485549
0.33 0.500682
0.34 0.511064
0.35 0.522957
0.36 0.534284
0.37 0.545119
0.38 0.554967
0.39 0.573342
0.4 0.593247
0.41 0.617546
0.42 0.647868
0.43 0.663178
0.44 0.675678
0.45 0.695476
0.46 0.709878
0.47 0.721064
0.48 0.732167
0.49 0.744257
0.5 0.755756
0.51 0.763766
0.52 0.779447
0.53 0.786143
0.54 0.802113
0.55 0.815141
0.56 0.82543
0.57 0.834261
0.58 0.842
0.59 0.849003
0.6 0.855342
0.61 0.861251
0.62 0.86857
0.63 0.874352
0.64 0.87955
0.65 0.884319
0.66 0.888737
0.67 0.892851
0.68 0.896701
0.69 0.900314
0.7 0.903715
0.71 0.906922
0.72 0.909953
0.73 0.912824
0.74 0.915546
0.75 0.918131
0.76 0.920589
0.77 0.922929
0.78 0.92516
0.79 0.927289
0.8 0.929322
0.81 0.931266
0.82 0.933127
0.83 0.934908
0.84 0.936615
0.85 0.938253
0.86 0.939825
0.87 0.941335
0.88 0.942786
0.89 0.944182
0.9 0.945525
0.91 0.946819
0.92 0.948065
0.93 0.949266
0.94 0.950425
0.95 0.951543
0.96 0.952622
0.97 0.953665
0.98 0.954672
0.99 0.955646
0.0 0.0944447
0.01 0.0958463
0.02 0.0951
0.03 0.0960359
0.04 0.0969389
0.05 0.100821
0.06 0.0966679
0.07 0.10042
0.08 0.107641
0.09 0.107313
0.1 0.114822
0.11 0.124256
0.12 0.125541
0.13 0.124363
0.14 0.127255
0.15 0.136965
0.16 0.149554
0.17 0.154828
0.18 0.159571
0.19 0.19816
0.2 0.21683
0.21 0.240808
0.22 0.25407
0.23 0.30699
0.24 0.352519
0.25 0.386792
0.26 0.405584
0.27 0.419117
0.28 0.431614
0.29 0.444272
0.3 0.462177
0.31 0.471926
0.32 0.484997
0.33 0.497376
0.34 0.510478
0.35 0.535977
0.36 0.545391
0.37 0.556739
0.38 0.565922
0.39 0.575967
0.4 0.583406
0.41 0.600637
0.42 0.619832
0.43 0.631087
0.44 0.642444
0.45 0.655344
0.46 0.667864
0.47 0.684717
0.48 0.715145
0.49 0.741453
0.5 0.757861
0.51 0.770867
0.52 0.783085
0.53 0.793225
0.54 0.805108
0.55 0.813485
0.56 0.825173
0.57 0.834029
0.58 0.841724
0.59 0.84852
0.6 0.854548
0.61 0.861993
0.62 0.868224
0.63 0.873806
0.64 0.878914
0.65 0.883636
0.66 0.888026
0.67 0.892126
0.68 0.895969
0.69 0.899581
0.7 0.902983
0.71 0.906195
0.72 0.909234
0.73 0.912112
0.74 0.914843
0.75 0.917438
0.76 0.919906
0.77 0.922257
0.78 0.924499
0.79 0.926639
0.8 0.928684
0.81 0.930639
0.82 0.93251
0.83 0.934303
0.84 0.936021
0.85 0.937669
0.86 0.939252
0.87 0.940773
0.88 0.942234
0.89 0.94364
0.9 0.944993
0.91 0.946297
0.92 0.947552
0.93 0.948763
0.94 0.949931
0.95 0.951058
0.96 0.952146
0.97 0.953197
0.98 0.954213
0.99 0.955195
