0.0 0.0944447
0.01 0.0957666
0.02 0.090768
0.03 0.098126
0.04 0.102532
0.05 0.113256
0.06 0.111003
0.07 0.113448
0.08 0.12417
0.09 0.126012
0.1 0.126489
0.11 0.13342
0.12 0.141325
0.13 0.153476
0.14 0.172478
0.15 0.182986
0.16 0.194205
0.17 0.221375
0.18 0.231475
0.19 0.258084
0.2 0.272478
0.21 0.305045
0.22 0.376604
0.23 0.441843
0.24 0.480091
0.25 0.505986
0.26 0.535452
0.27 0.564447
0.28 0.582893
0.29 0.610293
0.3 0.631528
0.31 0.647817
0.32 0.665885
0.33 0.682349
0.34 0.695821
0.35 0.711762
0.36 0.727336
0.37 0.743421
0.38 0.75481
0.39 0.764783
0.4 0.778517
0.41 0.795983
0.42 0.802494
0.43 0.820969
0.44 0.836755
0.45 0.848048
0.46 0.856492
0.47 0.866477
0.48 0.874596
0.49 0.881648
0.5 0.887929
0.51 0.893598
0.52 0.898757
0.53 0.903484
0.54 0.907837
0.55 0.911863
0.56 0.915598
0.57 0.919075
0.58 0.922321
0.59 0.925357
0.6 0.928204
0.61 0.930879
0.62 0.933396
0.63 0.935769
0.64 0.93801
0.65 0.940129
0.66 0.942134
0.67 0.944036
0.68 0.945841
0.69 0.947556
0.7 0.949187
0.71 0.95074
0.72 0.95222
0.73 0.953631
0.74 0.954979
0.75 0.956267
0.76 0.957499
0.77 0.958677
0.78 0.959806
0.79 0.960888
0.8 0.961925
0.81 0.962921
0.82 0.963877
0.83 0.964796
0.84 0.965679
0.85 0.966528
0.86 0.967346
0.87 0.968133
0.88 0.968892
0.89 0.969624
0.9 0.970329
0.91 0.971009
0.92 0.971666
0.93 0.972301
0.94 0.972914
0.95 0.973506
0.96 0.974079
0.97 0.974634
0.98 0.97517
0.99 0.97569
