0.0 0.0944447
0.01 0.108097
0.02 0.123503
0.03 0.149072
0.04 0.167262
0.05 0.234717
0.06 0.397094
0.07 0.517408
0.08 0.667093
0.09 0.783143
0.1 0.845815
0.11 0.877881
0.12 0.900843
0.13 0.92323
0.14 0.936964
0.15 0.946821
0.16 0.954338
0.17 0.960267
0.18 0.965055
0.19 0.968992
0.2 0.972277
0.21 0.975051
0.22 0.977419
0.23 0.979457
0.24 0.981225
0.25 0.982771
0.26 0.98413
0.27 0.985332
0.28 0.986401
0.29 0.987356
0.3 0.988212
0.31 0.988983
0.32 0.989681
0.33 0.990313
0.34 0.990889
0.35 0.991414
0.36 0.991895
0.37 0.992336
0.38 0.992742
0.39 0.993117
0.4 0.993463
0.41 0.993783
0.42 0.99408
0.43 0.994356
0.44 0.994614
0.45 0.994854
0.46 0.995078
0.47 0.995288
0.48 0.995485
0.49 0.995669
0.5 0.995843
0.51 0.996006
0.52 0.996159
0.53 0.996304
0.54 0.996441
0.55 0.996571
0.56 0.996693
0.57 0.996809
0.58 0.996919
0.59 0.997024
0.6 0.997123
0.61 0.997217
0.62 0.997307
0.63 0.997392
0.64 0.997473
0.65 0.997551
0.66 0.997625
0.67 0.997696
0.68 0.997764
0.69 0.997828
0.7 0.99789
0.71 0.99795
0.72 0.998007
0.73 0.998061
0.74 0.998113
0.75 0.998164
0.76 0.998212
0.77 0.998258
0.78 0.998303
0.79 0.998346
0.8 0.998387
0.81 0.998427
0.82 0.998465
0.83 0.998502
0.84 0.998537
0.85 0.998572
0.86 0.998605
0.87 0.998637
0.88 0.998668
0.89 0.998698
0.9 0.998727
0.91 0.998755
0.92 0.998782
0.93 0.998808
0.94 0.998833
0.95 0.998858
0.96 0.998881
0.97 0.998904
0.98 0.998927
0.99 0.998948
