0.0 0.0944447
0.01 0.1019
0.02 0.102701
0.03 0.0970818
0.04 0.0988825
0.05 0.103866
0.06 0.111557
0.07 0.11513
0.08 0.122401
0.09 0.124767
0.1 0.140804
0.11 0.153904
0.12 0.176679
0.13 0.187507
0.14 0.201944
0.15 0.214159
0.16 0.227682
0.17 0.275188
0.18 0.381274
0.19 0.46682
0.2 0.538768
0.21 0.557846
0.22 0.602146
0.23 0.71169
0.24 0.75337
0.25 0.795847
0.26 0.820152
0.27 0.836313
0.28 0.848752
0.29 0.858786
0.3 0.867086
0.31 0.874681
0.32 0.881175
0.33 0.887259
0.34 0.895165
0.35 0.901643
0.36 0.912084
0.37 0.914
0.38 0.920099
0.39 0.927444
0.4 0.933409
0.41 0.938123
0.42 0.942133
0.43 0.945643
0.44 0.948766
0.45 0.951575
0.46 0.954121
0.47 0.956444
0.48 0.958574
0.49 0.960534
0.5 0.962346
0.51 0.964025
0.52 0.965585
0.53 0.967039
0.54 0.968397
0.55 0.969668
0.56 0.970859
0.57 0.971978
0.58 0.97303
0.59 0.974022
0.6 0.974958
0.61 0.975842
0.62 0.976678
0.63 0.97747
0.64 0.978221
0.65 0.978934
0.66 0.979612
0.67 0.980256
0.68 0.98087
0.69 0.981454
0.7 0.982012
0.71 0.982544
0.72 0.983052
0.73 0.983538
0.74 0.984003
0.75 0.984448
0.76 0.984874
0.77 0.985283
0.78 0.985675
0.79 0.986052
0.8 0.986413
0.81 0.986761
0.82 0.987095
0.83 0.987416
0.84 0.987725
0.85 0.988023
0.86 0.98831
0.87 0.988587
0.88 0.988854
0.89 0.989111
0.9 0.98936
0.91 0.9896
0.92 0.989832
0.93 0.990056
0.94 0.990273
0.95 0.990482
0.96 0.990685
0.97 0.990881
0.98 0.991072
0.99 0.991256
