0.0 0.0944447
0.01 0.102571
0.02 0.104282
0.03 0.108084
0.04 0.124695
0.05 0.129345
0.06 0.132835
0.07 0.135645
0.08 0.141766
0.09 0.147111
0.1 0.16257
0.11 0.172746
0.12 0.221942
0.13 0.280044
0.14 0.343805
0.15 0.444817
0.16 0.529336
0.17 0.585206
0.18 0.6703
0.19 0.739497
0.2 0.766576
0.21 0.788879
0.22 0.825127
0.23 0.844042
0.24 0.868931
0.25 0.893012
0.26 0.907397
0.27 0.917694
0.28 0.925853
0.29 0.932593
0.3 0.938298
0.31 0.943208
0.32 0.947486
0.33 0.95125
0.34 0.954588
0.35 0.957569
0.36 0.960245
0.37 0.96266
0.38 0.96485
0.39 0.966842
0.4 0.968662
0.41 0.97033
0.42 0.971863
0.43 0.973275
0.44 0.97458
0.45 0.975789
0.46 0.976911
0.47 0.977954
0.48 0.978927
0.49 0.979835
0.5 0.980684
0.51 0.981479
0.52 0.982225
0.53 0.982926
0.54 0.983586
0.55 0.984207
0.56 0.984793
0.57 0.985346
0.58 0.98587
0.59 0.986365
0.6 0.986835
0.61 0.98728
0.62 0.987702
0.63 0.988104
0.64 0.988486
0.65 0.98885
0.66 0.989196
0.67 0.989527
0.68 0.989842
0.69 0.990143
0.7 0.990431
0.71 0.990707
0.72 0.99097
0.73 0.991222
0.74 0.991464
0.75 0.991696
0.76 0.991918
0.77 0.992132
0.78 0.992337
0.79 0.992534
0.8 0.992724
0.81 0.992906
0.82 0.993082
0.83 0.993251
0.84 0.993414
0.85 0.993571
0.86 0.993722
0.87 0.993868
0.88 0.994009
0.89 0.994146
0.9 0.994277
0.91 0.994404
0.92 0.994527
0.93 0.994646
0.94 0.994761
0.95 0.994873
0.96 0.994981
0.97 0.995085
0.98 0.995186
0.99 0.995284
