0.0 0.0944447
0.01 0.0984187
0.02 0.098985
0.03 0.103153
0.04 0.126914
0.05 0.147049
0.06 0.160552
0.07 0.167209
0.08 0.182759
0.09 0.193671
0.1 0.198904
0.11 0.22292
0.12 0.292994
0.13 0.352013
0.14 0.407662
0.15 0.442541
0.16 0.622772
0.17 0.750775
0.18 0.802565
0.19 0.835624
0.2 0.868441
0.21 0.884242
0.22 0.900251
0.23 0.912731
0.24 0.922353
0.25 0.930182
0.26 0.936725
0.27 0.94229
0.28 0.947087
0.29 0.951265
0.3 0.954933
0.31 0.958179
0.32 0.961068
0.33 0.963654
0.34 0.965979
0.35 0.96808
0.36 0.969985
0.37 0.97172
0.38 0.973303
0.39 0.974753
0.4 0.976086
0.41 0.977313
0.42 0.978446
0.43 0.979494
0.44 0.980466
0.45 0.981369
0.46 0.98221
0.47 0.982994
0.48 0.983727
0.49 0.984413
0.5 0.985055
0.51 0.985658
0.52 0.986225
0.53 0.986758
0.54 0.987261
0.55 0.987735
0.56 0.988183
0.57 0.988607
0.58 0.989008
0.59 0.989388
0.6 0.989748
0.61 0.99009
0.62 0.990416
0.63 0.990725
0.64 0.991019
0.65 0.9913
0.66 0.991567
0.67 0.991823
0.68 0.992066
0.69 0.992299
0.7 0.992522
0.71 0.992735
0.72 0.992939
0.73 0.993135
0.74 0.993322
0.75 0.993502
0.76 0.993675
0.77 0.993841
0.78 0.994
0.79 0.994154
0.8 0.994301
0.81 0.994443
0.82 0.994579
0.83 0.994711
0.84 0.994838
0.85 0.99496
0.86 0.995078
0.87 0.995192
0.88 0.995302
0.89 0.995408
0.9 0.995511
0.91 0.99561
0.92 0.995706
0.93 0.995799
0.94 0.995889
0.95 0.995976
0.96 0.99606
0.97 0.996142
0.98 0.996221
0.99 0.996298
