0.0 0.0944447
0.01 0.107066
0.02 0.109639
0.03 0.135806
0.04 0.153194
0.05 0.155783
0.06 0.171611
0.07 0.191774
0.08 0.214009
0.09 0.250636
0.1 0.288227
0.11 0.42345
0.12 0.573427
0.13 0.672438
0.14 0.758013
0.15 0.797353
0.16 0.83493
0.17 0.862492
0.18 0.888292
0.19 0.904319
0.2 0.918022
0.21 0.928943
0.22 0.937272
0.23 0.943982
0.24 0.949542
0.25 0.954234
0.26 0.958249
0.27 0.961723
0.28 0.964756
0.29 0.967424
0.3 0.969787
0.31 0.971891
0.32 0.973775
0.33 0.97547
0.34 0.977
0.35 0.978388
0.36 0.979651
0.37 0.980803
0.38 0.981858
0.39 0.982827
0.4 0.983719
0.41 0.984542
0.42 0.985303
0.43 0.986008
0.44 0.986663
0.45 0.987272
0.46 0.98784
0.47 0.98837
0.48 0.988866
0.49 0.989331
0.5 0.989766
0.51 0.990176
0.52 0.99056
0.53 0.990923
0.54 0.991265
0.55 0.991588
0.56 0.991893
0.57 0.992181
0.58 0.992455
0.59 0.992714
0.6 0.99296
0.61 0.993193
0.62 0.993415
0.63 0.993627
0.64 0.993828
0.65 0.99402
0.66 0.994203
0.67 0.994377
0.68 0.994544
0.69 0.994704
0.7 0.994856
0.71 0.995002
0.72 0.995142
0.73 0.995276
0.74 0.995404
0.75 0.995528
0.76 0.995646
0.77 0.99576
0.78 0.995869
0.79 0.995974
0.8 0.996076
0.81 0.996173
0.82 0.996267
0.83 0.996357
0.84 0.996444
0.85 0.996528
0.86 0.996609
0.87 0.996688
0.88 0.996763
0.89 0.996836
0.9 0.996907
0.91 0.996975
0.92 0.997041
0.93 0.997105
0.94 0.997166
0.95 0.997226
0.96 0.997284
0.97 0.99734
0.98 0.997395
0.99 0.997448
