0.0 0.0944447
0.01 0.103576
0.02 0.114248
0.03 0.119305
0.04 0.125796
0.05 0.136205
0.06 0.162274
0.07 0.182781
0.08 0.211914
0.09 0.227721
0.1 0.300599
0.11 0.387923
0.12 0.555933
0.13 0.732638
0.14 0.781387
0.15 0.826192
0.16 0.863769
0.17 0.88638
0.18 0.901394
0.19 0.9125
0.2 0.921105
0.21 0.927689
0.22 0.936125
0.23 0.943183
0.24 0.948835
0.25 0.953563
0.26 0.9576
0.27 0.961092
0.28 0.964143
0.29 0.966831
0.3 0.969213
0.31 0.971338
0.32 0.973242
0.33 0.974957
0.34 0.976507
0.35 0.977915
0.36 0.979196
0.37 0.980367
0.38 0.981439
0.39 0.982424
0.4 0.983332
0.41 0.98417
0.42 0.984945
0.43 0.985664
0.44 0.986332
0.45 0.986954
0.46 0.987533
0.47 0.988075
0.48 0.988582
0.49 0.989056
0.5 0.989502
0.51 0.98992
0.52 0.990314
0.53 0.990685
0.54 0.991034
0.55 0.991365
0.56 0.991677
0.57 0.991972
0.58 0.992252
0.59 0.992518
0.6 0.99277
0.61 0.993009
0.62 0.993237
0.63 0.993453
0.64 0.99366
0.65 0.993856
0.66 0.994044
0.67 0.994223
0.68 0.994394
0.69 0.994557
0.7 0.994714
0.71 0.994864
0.72 0.995007
0.73 0.995145
0.74 0.995277
0.75 0.995403
0.76 0.995525
0.77 0.995641
0.78 0.995754
0.79 0.995862
0.8 0.995966
0.81 0.996065
0.82 0.996162
0.83 0.996255
0.84 0.996344
0.85 0.99643
0.86 0.996514
0.87 0.996594
0.88 0.996672
0.89 0.996747
0.9 0.996819
0.91 0.996889
0.92 0.996957
0.93 0.997022
0.94 0.997086
0.95 0.997147
0.96 0.997207
0.97 0.997265
0.98 0.997321
0.99 0.997375
