0.0 0.0944447
0.01 0.110155
0.02 0.110791
0.03 0.10983
0.04 0.12973
0.05 0.128446
0.06 0.163285
0.07 0.196509
0.08 0.223873
0.09 0.273949
0.1 0.435318
0.11 0.693609
0.12 0.822343
0.13 0.858705
0.14 0.883533
0.15 0.901152
0.16 0.914304
0.17 0.92396
0.18 0.934843
0.19 0.945537
0.2 0.952637
0.21 0.958125
0.22 0.962581
0.23 0.966293
0.24 0.969436
0.25 0.972131
0.26 0.974467
0.27 0.976508
0.28 0.978304
0.29 0.979894
0.3 0.981311
0.31 0.982579
0.32 0.983719
0.33 0.984747
0.34 0.98568
0.35 0.986528
0.36 0.987301
0.37 0.988008
0.38 0.988657
0.39 0.989254
0.4 0.989805
0.41 0.990314
0.42 0.990785
0.43 0.991222
0.44 0.991628
0.45 0.992007
0.46 0.99236
0.47 0.99269
0.48 0.992999
0.49 0.993288
0.5 0.99356
0.51 0.993816
0.52 0.994056
0.53 0.994283
0.54 0.994497
0.55 0.994699
0.56 0.99489
0.57 0.995071
0.58 0.995242
0.59 0.995404
0.6 0.995559
0.61 0.995705
0.62 0.995845
0.63 0.995977
0.64 0.996104
0.65 0.996224
0.66 0.996339
0.67 0.996449
0.68 0.996554
0.69 0.996654
0.7 0.99675
0.71 0.996842
0.72 0.99693
0.73 0.997015
0.74 0.997096
0.75 0.997173
0.76 0.997248
0.77 0.99732
0.78 0.997388
0.79 0.997455
0.8 0.997519
0.81 0.99758
0.82 0.997639
0.83 0.997696
0.84 0.997751
0.85 0.997804
0.86 0.997855
0.87 0.997905
0.88 0.997952
0.89 0.997998
0.9 0.998043
0.91 0.998086
0.92 0.998128
0.93 0.998168
0.94 0.998207
0.95 0.998245
0.96 0.998281
0.97 0.998317
0.98 0.998351
0.99 0.998384
