0.0 0.0944447
0.01 0.106936
0.02 0.116068
0.03 0.117813
0.04 0.141814
0.05 0.153088
0.06 0.178614
0.07 0.226881
0.08 0.277223
0.09 0.385496
0.1 0.752202
0.11 0.826391
0.12 0.877822
0.13 0.905013
0.14 0.925338
0.15 0.938133
0.16 0.947481
0.17 0.954667
0.18 0.960369
0.19 0.964997
0.2 0.968821
0.21 0.972026
0.22 0.974743
0.23 0.977071
0.24 0.979082
0.25 0.980834
0.26 0.982369
0.27 0.983723
0.28 0.984925
0.29 0.985995
0.3 0.986954
0.31 0.987816
0.32 0.988595
0.33 0.9893
0.34 0.989941
0.35 0.990526
0.36 0.99106
0.37 0.99155
0.38 0.992001
0.39 0.992416
0.4 0.992799
0.41 0.993154
0.42 0.993483
0.43 0.993788
0.44 0.994073
0.45 0.994338
0.46 0.994586
0.47 0.994818
0.48 0.995035
0.49 0.995239
0.5 0.99543
0.51 0.99561
0.52 0.995779
0.53 0.995939
0.54 0.99609
0.55 0.996233
0.56 0.996368
0.57 0.996495
0.58 0.996617
0.59 0.996731
0.6 0.996841
0.61 0.996944
0.62 0.997043
0.63 0.997137
0.64 0.997227
0.65 0.997312
0.66 0.997393
0.67 0.997471
0.68 0.997546
0.69 0.997617
0.7 0.997685
0.71 0.99775
0.72 0.997813
0.73 0.997873
0.74 0.99793
0.75 0.997985
0.76 0.998038
0.77 0.998089
0.78 0.998138
0.79 0.998185
0.8 0.998231
0.81 0.998274
0.82 0.998316
0.83 0.998357
0.84 0.998396
0.85 0.998434
0.86 0.99847
0.87 0.998505
0.88 0.998539
0.89 0.998572
0.9 0.998604
0.91 0.998634
0.92 0.998664
0.93 0.998693
0.94 0.99872
0.95 0.998747
0.96 0.998773
0.97 0.998799
0.98 0.998823
0.99 0.998847
