0.0 0.0944447
0.01 0.102657
0.02 0.108015
0.03 0.123121
0.04 0.149215
0.05 0.17402
0.06 0.236802
0.07 0.376721
0.08 0.588789
0.09 0.714354
0.1 0.823626
0.11 0.884948
0.12 0.91624
0.13 0.933786
0.14 0.945483
0.15 0.954019
0.16 0.960547
0.17 0.965696
0.18 0.969851
0.19 0.973264
0.2 0.976109
0.21 0.978509
0.22 0.980556
0.23 0.982317
0.24 0.983844
0.25 0.985178
0.26 0.98635
0.27 0.987387
0.28 0.988308
0.29 0.98913
0.3 0.989868
0.31 0.990532
0.32 0.991133
0.33 0.991677
0.34 0.992172
0.35 0.992624
0.36 0.993038
0.37 0.993417
0.38 0.993767
0.39 0.994088
0.4 0.994386
0.41 0.994661
0.42 0.994917
0.43 0.995154
0.44 0.995375
0.45 0.995582
0.46 0.995774
0.47 0.995955
0.48 0.996124
0.49 0.996282
0.5 0.996431
0.51 0.996571
0.52 0.996703
0.53 0.996828
0.54 0.996945
0.55 0.997057
0.56 0.997162
0.57 0.997261
0.58 0.997356
0.59 0.997445
0.6 0.997531
0.61 0.997611
0.62 0.997688
0.63 0.997762
0.64 0.997832
0.65 0.997898
0.66 0.997962
0.67 0.998023
0.68 0.998081
0.69 0.998136
0.7 0.99819
0.71 0.998241
0.72 0.998289
0.73 0.998336
0.74 0.998381
0.75 0.998424
0.76 0.998466
0.77 0.998505
0.78 0.998544
0.79 0.99858
0.8 0.998616
0.81 0.99865
0.82 0.998683
0.83 0.998715
0.84 0.998745
0.85 0.998775
0.86 0.998803
0.87 0.99883
0.88 0.998857
0.89 0.998883
0.9 0.998907
0.91 0.998931
0.92 0.998955
0.93 0.998977
0.94 0.998999
0.95 0.99902
0.96 0.99904
0.97 0.99906
0.98 0.999079
0.99 0.999098
