0.0 0.0944447
0.01 0.105331
0.02 0.116585
0.03 0.151649
0.04 0.183247
0.05 0.204299
0.06 0.228337
0.07 0.48127
0.08 0.669491
0.09 0.782627
0.1 0.85133
0.11 0.884963
0.12 0.911084
0.13 0.931697
0.14 0.944002
0.15 0.952841
0.16 0.959563
0.17 0.964852
0.18 0.969114
0.19 0.972613
0.2 0.975528
0.21 0.977987
0.22 0.980084
0.23 0.981887
0.24 0.983451
0.25 0.984818
0.26 0.986018
0.27 0.98708
0.28 0.988023
0.29 0.988866
0.3 0.989621
0.31 0.990301
0.32 0.990916
0.33 0.991474
0.34 0.991981
0.35 0.992444
0.36 0.992868
0.37 0.993256
0.38 0.993614
0.39 0.993944
0.4 0.994248
0.41 0.994531
0.42 0.994792
0.43 0.995036
0.44 0.995262
0.45 0.995473
0.46 0.995671
0.47 0.995855
0.48 0.996029
0.49 0.996191
0.5 0.996344
0.51 0.996487
0.52 0.996622
0.53 0.99675
0.54 0.99687
0.55 0.996984
0.56 0.997092
0.57 0.997194
0.58 0.997291
0.59 0.997383
0.6 0.99747
0.61 0.997553
0.62 0.997632
0.63 0.997707
0.64 0.997778
0.65 0.997847
0.66 0.997912
0.67 0.997974
0.68 0.998034
0.69 0.998091
0.7 0.998145
0.71 0.998197
0.72 0.998247
0.73 0.998295
0.74 0.998341
0.75 0.998385
0.76 0.998428
0.77 0.998469
0.78 0.998508
0.79 0.998546
0.8 0.998582
0.81 0.998617
0.82 0.99865
0.83 0.998683
0.84 0.998714
0.85 0.998744
0.86 0.998774
0.87 0.998802
0.88 0.998829
0.89 0.998855
0.9 0.998881
0.91 0.998905
0.92 0.998929
0.93 0.998952
0.94 0.998974
0.95 0.998996
0.96 0.999017
0.97 0.999037
0.98 0.999056
0.99 0.999075
