0.0 0.0944447
0.01 0.113988
0.02 0.132622
0.03 0.164078
0.04 0.192754
0.05 0.303016
0.06 0.484588
0.07 0.651127
0.08 0.762679
0.09 0.845837
0.1 0.893564
0.11 0.920285
0.12 0.935229
0.13 0.948947
0.14 0.958041
0.15 0.964508
0.16 0.969456
0.17 0.973373
0.18 0.976547
0.19 0.979164
0.2 0.981353
0.21 0.983205
0.22 0.984787
0.23 0.986152
0.24 0.987337
0.25 0.988375
0.26 0.989287
0.27 0.990095
0.28 0.990814
0.29 0.991457
0.3 0.992033
0.31 0.992553
0.32 0.993023
0.33 0.993449
0.34 0.993838
0.35 0.994192
0.36 0.994517
0.37 0.994815
0.38 0.995089
0.39 0.995341
0.4 0.995575
0.41 0.995792
0.42 0.995992
0.43 0.996179
0.44 0.996353
0.45 0.996515
0.46 0.996667
0.47 0.996809
0.48 0.996942
0.49 0.997067
0.5 0.997184
0.51 0.997295
0.52 0.997399
0.53 0.997497
0.54 0.997589
0.55 0.997677
0.56 0.99776
0.57 0.997838
0.58 0.997913
0.59 0.997983
0.6 0.99805
0.61 0.998114
0.62 0.998175
0.63 0.998233
0.64 0.998288
0.65 0.998341
0.66 0.998391
0.67 0.998439
0.68 0.998485
0.69 0.998528
0.7 0.99857
0.71 0.99861
0.72 0.998649
0.73 0.998686
0.74 0.998721
0.75 0.998755
0.76 0.998788
0.77 0.998819
0.78 0.99885
0.79 0.998879
0.8 0.998907
0.81 0.998934
0.82 0.99896
0.83 0.998985
0.84 0.999009
0.85 0.999032
0.86 0.999054
0.87 0.999076
0.88 0.999097
0.89 0.999117
0.9 0.999137
0.91 0.999156
0.92 0.999174
0.93 0.999192
0.94 0.999209
0.95 0.999226
0.96 0.999242
0.97 0.999257
0.98 0.999272
0.99 0.999287
