0.0 0.0944447
0.01 0.100128
0.02 0.103861
0.03 0.1061
0.04 0.108372
0.05 0.0968877
0.06 0.101391
0.07 0.105918
0.08 0.107263
0.09 0.106425
0.1 0.100071
0.11 0.120336
0.12 0.131692
0.13 0.145196
0.14 0.131395
0.15 0.12406
0.16 0.135374
0.17 0.146092
0.18 0.15961
0.19 0.168246
0.2 0.165008
0.21 0.171467
0.22 0.176333
0.23 0.189745
0.24 0.203828
0.25 0.223304
0.26 0.233252
0.27 0.273972
0.28 0.272762
0.29 0.30918
0.3 0.317541
0.31 0.336278
0.32 0.348038
0.33 0.344614
0.34 0.385882
0.35 0.416304
0.36 0.440656
0.37 0.462259
0.38 0.483587
0.39 0.521612
0.4 0.549134
0.41 0.586751
0.42 0.614074
0.43 0.640905
0.44 0.659828
0.45 0.675104
0.46 0.681743
0.47 0.690734
0.48 0.698177
0.49 0.706958
0.5 0.712097
0.51 0.719616
0.52 0.726352
0.53 0.734887
0.54 0.74931
0.55 0.75672
0.56 0.774128
0.57 0.792134
0.58 0.80379
0.59 0.812664
0.6 0.820726
0.61 0.827552
0.62 0.836452
0.63 0.845593
0.64 0.852584
0.65 0.859041
0.66 0.86513
0.67 0.871225
0.68 0.881647
0.69 0.888341
0.7 0.893667
0.71 0.898292
0.72 0.902437
0.73 0.906213
0.74 0.909689
0.75 0.912913
0.76 0.915918
0.77 0.918733
0.78 0.921378
0.79 0.923871
0.8 0.926226
0.81 0.928456
0.82 0.930572
0.83 0.932582
0.84 0.934495
0.85 0.936318
0.86 0.938058
0.87 0.93972
0.88 0.94131
0.89 0.942832
0.9 0.94429
0.91 0.945689
0.92 0.947031
0.93 0.948321
0.94 0.94956
0.95 0.950753
0.96 0.951901
0.97 0.953007
0.98 0.954073
0.99 0.955102
