0.0 0.0944447
0.01 0.0982388
0.02 0.0975354
0.03 0.1023
0.04 0.105959
0.05 0.114412
0.06 0.11574
0.07 0.132723
0.08 0.128204
0.09 0.116068
0.1 0.127139
0.11 0.133187
0.12 0.121215
0.13 0.140985
0.14 0.144022
0.15 0.149012
0.16 0.150972
0.17 0.177026
0.18 0.195248
0.19 0.201409
0.2 0.226409
0.21 0.28637
0.22 0.342107
0.23 0.395017
0.24 0.442918
0.25 0.593961
0.26 0.637366
0.27 0.661245
0.28 0.681074
0.29 0.700936
0.3 0.714611
0.31 0.74521
0.32 0.781539
0.33 0.810569
0.34 0.824878
0.35 0.843046
0.36 0.862141
0.37 0.872855
0.38 0.880955
0.39 0.891375
0.4 0.90153
0.41 0.908998
0.42 0.915279
0.43 0.920731
0.44 0.925545
0.45 0.929846
0.46 0.933721
0.47 0.937236
0.48 0.940442
0.49 0.943379
0.5 0.946082
0.51 0.948576
0.52 0.950887
0.53 0.953033
0.54 0.95503
0.55 0.956894
0.56 0.958637
0.57 0.96027
0.58 0.961802
0.59 0.963243
0.6 0.9646
0.61 0.965879
0.62 0.967088
0.63 0.96823
0.64 0.969311
0.65 0.970337
0.66 0.971309
0.67 0.972233
0.68 0.973112
0.69 0.973948
0.7 0.974744
0.71 0.975504
0.72 0.976228
0.73 0.976921
0.74 0.977582
0.75 0.978215
0.76 0.978821
0.77 0.979401
0.78 0.979957
0.79 0.980491
0.8 0.981003
0.81 0.981494
0.82 0.981967
0.83 0.982421
0.84 0.982858
0.85 0.983278
0.86 0.983683
0.87 0.984074
0.88 0.98445
0.89 0.984813
0.9 0.985163
0.91 0.9855
0.92 0.985827
0.93 0.986142
0.94 0.986447
0.95 0.986741
0.96 0.987026
0.97 0.987302
0.98 0.987569
0.99 0.987828
